    5409
    5419
    5311
    5539
    5398
    5583
    5634
    5281
    5405
    5512
    5647
    5570
    5520
    5593
    5527
    5575
    5468
    5718
    5245
    5582
    5520
    5432
    5445
    5571
    5355
    5588
    5443
    5520
    5385
    5655
    5694
    5338
    5371
    5671
    5342
    5584
    5697
    5762
    5186
    5463
    5673
    5620
    5591
    5509
    5522
    5268
    5403
    5262
    5593
    5561
    5671
    5648
    5516
    5234
    5594
    5350
    5718
    5621
    5481
    5177
    5601
    5477
    5555
    5304
    5399
    5217
    5305
    5383
    5758
    5604
    5333
    5426
    5471
    5406
    5347
    5522
    5760
    5597
    5305
    5501
    5599
    5307
    5371
    5361
    5453
    5592
    5574
    5511
    5464
    5693
    5454
    5640
    5574
    5471
    5718
    5301
    5465
    5607
    5641
    5358
    5465
    5410
    5286
    5592
    5332
    5544
    5569
    5623
    5265
    5511
    5407
    5432
    5303
    5263
    5619
    5520
    5560
    5572
    5256
    5370
    5285
    5235
    5444
    5577
    5378
    5451
    5505
    5535
    5383
    5116
    5173
    5478
    5417
    5475
    5563
    5780
    5271
    5368
    5582
    5591
    5239
    5453
    5355
    5485
    5519
    5112
    5316
    5638
    5408
    5548
    5308
    5568
    5433
    5539
    5775
    5151
    5522
    5521
    5511
    5485
    5234
    5452
    5487
    5563
    5702
    5445
    5714
    5626
    5537
    5723
    5223
    5473
    5637
    5180
    5285
    5617
    5430
    5454
    5379
    5560
    5399
    5493
    5384
    5669
    5483
    5455
    5277
    5490
    5336
    5417
    5624
    5525
    5459
    5436
    5450
    5321
    5536
    5268
    5664
    5445
    5317
    5380
    5476
    5481
    5413
    5555
    5508
    5152
    5420
    5592
    5273
    5412
    5488
    5563
    5644
    5518
    5312
    5447
    5319
    5218
    5393
    5427
    5617
    5546
    5607
    5531
    5531
    5473
    5537
    5256
    5317
    5311
    5316
    5777
    5601
    5487
    5574
    5474
    5308
    5372
    5477
    5547
    5677
    5695
    5626
    5551
    5607
    5460
    5632
    5625
    5461
    5475
    5672
    5500
    5510
    5717
    5587
    5689
    5336
    5372
    5644
    5575
    5390
    5563
    5405
    5547
    5552
    5619
    5345
    5588
    5570
    5421
    5745
    5405
    5335
    5416
    5821
    5183
    5492
    5412
    5670
    5506
    5528
    5529
    5437
    5810
    5424
    5440
    5699
    5500
    5536
    5335
    5407
    5596
    5669
    5274
    5584
    5352
    5366
    5382
    5424
    5332
    5558
    5522
    5491
    5206
    5519
    5362
    5600
    5528
    5669
    5378
    5565
    5374
    5600
    5611
    5353
    5483
    5660
    5259
    5469
    5349
    5546
    5667
    5740
    5367
    5507
    5695
    5352
    5460
    5161
    5335
    5513
    5533
    5738
    5504
    5516
    5692
    5601
    5082
    5673
    5482
    5551
    5470
    5557
    5359
    5621
    5438
    5595
    5633
    5851
    5518
    5513
    5468
    5517
    5661
    5102
    5572
    5639
    5583
    5368
    5387
    5551
    5543
    5350
    5376
    5660
    5523
    5395
    5493
    5683
    5381
    5376
    5439
    5522
    5517
    5474
    5474
    5763
    5500
    5562
    5661
    5578
    5430
    5359
    5549
    5492
    5475
    5383
    5533
    5585
    5580
    5511
    5348
    5594
    5364
    5520
    5417
    5416
    5435
    5467
    5738
    5547
    5220
    5451
    5412
    5585
    5311
    5664
    5730
    5605
    5554
    5787
    5603
    5437
    5423
    5522
    5324
    5257
    5495
    5273
    5810
    5330
    5784
    5386
    5555
    5534
    5673
    5426
    5713
    5665
    5583
    5371
    5296
    5542
    5613
    5660
    5236
    5666
    5319
    5475
    5270
    5297
    5577
    5415
    5505
    5500
    5307
    5483
    5229
    5432
    5602
    5332
    5242
    5454
    5423
    5513
    5481
    5464
    5468
    5462
    5615
    5347
    5575
    5493
    5549
    5513
    5309
    5537
    5587
    5588
    5573
    5437
    5489
    5601
    5631
    5525
    5560
    5505
    5334
    5165
    5609
    5467
    5437
    5568
    5749
    5908
    5556
    5471
    5348
    5499
    5255
    5565
    5323
    5506
    5347
    5754
    5503
    5519
    5277
    5471
    5616
    5692
    5583
    5417
    5637
    5491
    5281
    5740
    5431
    5337
    5482
    5537
    5556
    5256
    5628
    5636
    5855
    5354
    5398
    5462
    5713
    5602
    5355
    5693
    5351
    5232
    5477
    5292
    5207
    5677
    5524
    5412
    5532
    5446
    5460
    5623
    5476
    5496
    5581
    5633
    5645
    5191
    5738
    5282
    5359
    5609
    5699
    5248
    5617
    5518
    5436
    5640
    5573
    5727
    5440
    5603
    5364
    5420
    5550
    5720
    5868
    5433
    5403
    5508
    5443
    5877
    5447
    5640
    5507
    5359
    5527
    5352
    5508
    5512
    5438
    5509
    5550
    5463
    5643
    5594
    5593
    5526
    5306
    5470
    5557
    5197
    5520
    5430
    5688
    5476
    5499
    5536
    5388
    5496
    5547
    4914
    5452
    5709
    5659
    5614
    5445
    5460
    5460
    5504
    5443
    5551
    5497
    5518
    5610
    5423
    5425
    5383
    5462
    5458
    5339
    5605
    5592
    5504
    5342
    5663
    5362
    5506
    5271
    5679
    5324
    5205
    5302
    5430
    5653
    5389
    5654
    5409
    5477
    5539
    5467
